-0.3962410672216786
0.8995993353362338
0.18361386796653417
0.9128458463979384
0.40745338923622326
-0.02634760546893048
-0.09851638118128794
0.15717115340456547
-0.9826452824780779
304.8926133437106
-29.612919259615925
257.5598426962676
-0.6529387297808399
0.7347848097431161
0.1837451999997718
0.744182711780232
0.6675124584481203
-0.024883916572089392
-0.14093653408397555
0.12049232833387888
-0.9826588890215553
304.7711040163979
-29.672247376569015
332.85515614017106
-0.6524486357706094
0.7350755587513977
0.1843222737690459
0.7445314293998397
0.6671180093816187
-0.02503022561899963
-0.14136381544405946
0.12090278940134955
-0.9825470915931057
336.9980105964862
-78.89176649967375
356.4969581423318
-0.6525135367447356
0.735206966401304
0.1835668840501156
0.7446392478804063
0.6670153871478743
-0.024553285402860565
-0.14049368270843926
0.12066975537790431
-0.9827005318285206
337.64437323151395
-17.879668661321748
356.4464718455249
-0.6642795338774565
0.7473509443684334
-0.014116190107817186
0.7474788570516692
0.6640845559720638
-0.01634199437391958
-0.002838861088445389
-0.021407206053050604
-0.9997668090093424
325.48686417080114
-17.37467426304188
355.3968957989044
-0.38519171985462997
0.9196949703540321
0.07608219542658146
0.9190549399228471
0.374851350967799
0.12175582976197849
0.08345871050312324
0.11682305501531917
-0.9896398422951876
349.838551420586
-88.29044884295945
275.1618756870316
0.5906156141901694
0.8063808312283498
0.03038340504691225
0.7963174182960113
-0.5885109490058341
0.1397620557183817
0.13058240920255848
-0.05835081771259366
-0.9897188572918711
372.41204606086404
-82.666624299093
274.92667252572414
0.6621324756849238
0.7489668622714074
0.025084335005663306
0.6967175945749294
-0.6275781200323367
0.34746265506727825
0.27598039432734717
-0.21258961046109628
-0.9373582450007689
335.41853494340904
-212.41779220199484
347.8289794456597
0.6192389046092596
0.7636644398068875
0.18264665995510837
0.5818210251208489
-0.6024626997335019
0.546372574492118
0.5272831058792317
-0.23206748760705984
-0.8173843694676931
331.5507413876838
-180.76303592784294
326.10029986357205
0.6151594859393036
0.7362850246226927
0.28189212364883937
0.5725289826754831
-0.6630040017431115
0.48232380997541136
0.5420234043429012
-0.13531465622385902
-0.8293977169944169
379.61059978947327
-184.30305804664087
324.82281808404656
0.9527482552117833
-0.20906183264669662
0.22037221313338767
-0.29989655241816776
-0.7627356756943077
0.572971506159639
0.048299275756472235
-0.6119864697471283
-0.7893920070585003
308.20580905096847
-265.1015871741905
327.28316924510546
0.6086088868724623
0.7888856909246019
0.08517387788680009
0.7651664066644355
-0.5550934648639504
-0.3261772759981449
-0.21003712274761835
0.26368657895264114
-0.9414636451547953
398.0539584873067
130.67109252052379
317.9307635021833
0.7374408905932487
0.6749476692150257
0.025031514181937334
0.6412843154537581
-0.6880665555223286
-0.33958628053065265
-0.21197962079888985
0.2664771265847081
-0.9402417675114824
415.4965415839138
55.83804143672454
180.7266555097346
0.7315037749833506
0.6416745138272794
0.23055594871881344
0.6811279719191285
-0.6722782384195772
-0.2900114756639896
-0.03109522558918403
0.3691825950014366
-0.9288365294784454
350.7734946316356
44.405080679277475
425.0204911418734
0.7178598003772575
0.6407696874187064
0.27219756554322244
0.6961017488899425
-0.6667784974916859
-0.2661743610400768
0.010939021651280578
0.38055307509999553
-0.924694379153053
265.2527730995798
34.99243692741168
291.52942139235853
0.6711028571061839
0.7399594088329523
-0.04561829088758652
0.7000927798970796
-0.6527861468193709
-0.2893792426154609
-0.24390788162725677
0.16226620042481535
-0.956126887750678
362.80589604571475
37.45457339666608
353.3203070480405
0.5731224223225431
0.7748768778869332
0.266639294079735
0.7827208813605484
-0.61397887859897
0.10187226568854531
0.2426493579495049
0.15031886358853988
-0.9583973749630907
341.1897184563549
-132.27023953152707
393.3087698982955
0.573487477111562
0.7743105908051527
0.2674980795504722
0.7831346136824695
-0.6140173459917412
0.09840160401978983
0.2404418650082068
0.15305491755652137
-0.9585206840559789
340.51921173670735
-15.722169704385605
392.8273115204406
0.5656605970185837
0.7757741257568284
0.27964726851304667
0.7861331544331743
-0.6097088605834247
0.10124114196811967
0.2490436758512977
0.16257186451625258
-0.954750038693994
362.99605164352784
-133.25898135780406
393.72532861435025
0.6826924216772258
0.6747637302599242
0.28040143671207785
0.6781091954906802
-0.7280032759097188
0.1008917700097512
0.27221127158049035
0.12126474586799917
-0.954565809692607
228.67248832094245
-65.75605654591156
392.4908054703637
0.6547726320566681
0.7450710629574507
0.12705082232334247
0.7546804574130717
-0.6537283984052725
-0.05564699737878059
0.041595763106112946
0.13231890364544166
-0.9903340346719831
343.89196359895317
44.57950402071997
391.0192498308809
-0.45923999864586
0.8780311511995333
0.1347587517268271
0.8652274642606297
0.4764880879276978
-0.1560145414765156
-0.20119656739833158
0.044948855227120846
-0.9785190553488982
344.3660012572675
38.40690005870927
391.7458710592506
-0.5202245345512083
0.846743203324213
-0.11132107291626843
0.8498377775027112
0.5003558152170771
-0.16558928137928078
-0.08451145236138752
-0.18074846002858416
-0.9798917331098698
409.7381910371776
-6.6174186291027
276.5136776965554
-0.8964649096653611
-0.43629792071847046
-0.07742602996031155
-0.4210526519279927
0.8931740503932198
-0.1579708201174342
0.13807726113694638
-0.10901486174329326
-0.9844035909503835
404.8673311995323
-85.60570504464184
276.2361984393639
-0.9581493507198875
0.10080546288768921
0.2679329773787779
0.2613772164695853
0.6897894603358059
0.6751832722455803
-0.11675518157953245
0.7169579897467051
-0.6872695748486863
302.71260538161835
-254.476643781549
160.39220993581597
